25 40
1111111111111111111111111111111111111111 
1i00000000000000Q00000000000100010000001
1010101010110101011111101010001010101101
1010111110110101000000101010100000000001
1010001010111101011110000000110101011101
1011111100000110100000011110110101010101
1011111111111101011111111110110101110101
101000000000000Q0000000000100000Q0000001
1011011010101010101010101010111010101101
1010001000100001000010000010101000101101
1010111111111111111111111110101110111101
100000000000001Q000000100000100000000001
111111111Q111111001111111111111100111111 
1000000000000000Q00000000000100010000001
1010101010110101011111101010001010101101
1010111110110101000000101010100000000001
1010001010111101011110000000110101011101
1011111100000110100000011110110101010101
1011111111111101011111111110110101110101
101000000000000Q0000000000100000Q0000001
1011011010101010101010101010111010101101
1010001000100001000010000010101000101101
1010111111111111111111111110101110111101
100000000000001Q000000100000100000000001
11111111111111111111111111111111S1111111