1 1 1 1 1 1 1 1 1 1 1 1 1 1 1 1 1 1 1 1 1 1 1 1 1 1 1 1 1 1 1 1 1 1 1 1 1 1 1 1 
1 i 0 0 0 0 0 0 0 0 0 0 0 0 0 0 Q 0 0 0 0 0 0 0 0 0 0 0 1 0 0 0 1 0 0 0 0 0 0 1 
1 0 1 0 1 0 1 0 1 0 1 1 0 1 0 1 0 1 1 1 1 1 1 0 1 0 1 0 0 0 1 0 1 0 1 0 1 1 0 1 
1 0 1 0 1 1 1 1 1 0 1 1 0 1 0 1 0 0 0 0 0 0 1 0 1 0 1 0 1 0 0 0 0 0 0 0 0 0 0 1 
1 0 1 0 0 0 1 0 1 0 1 1 1 1 0 1 0 1 1 1 1 0 0 0 0 0 0 0 1 1 0 1 0 1 0 1 1 1 0 1 
1 0 1 1 1 1 1 1 0 0 0 0 0 1 1 0 1 0 0 0 0 0 0 1 1 1 1 0 1 1 0 1 0 1 0 1 0 1 0 1 
1 0 1 1 1 1 1 1 1 1 1 1 1 1 0 1 0 1 1 1 1 1 1 1 1 1 1 0 1 1 0 1 0 1 1 1 0 1 0 1 
1 0 1 0 0 0 0 0 0 0 0 0 0 0 0 Q 0 0 0 0 0 0 0 0 0 0 1 0 0 0 0 0 Q 0 0 0 0 0 0 1 
1 0 1 1 0 1 1 0 1 0 1 0 1 0 1 0 1 0 1 0 1 0 1 0 1 0 1 0 1 1 1 0 1 0 1 0 1 1 0 1 
1 0 1 0 0 0 1 0 0 0 1 0 0 0 0 1 0 0 0 0 1 0 0 0 0 0 1 0 1 0 1 0 0 0 1 0 1 1 0 1 
1 0 1 0 1 1 1 1 1 1 1 1 1 1 1 1 1 1 1 1 1 1 1 1 1 1 1 0 1 0 1 1 1 0 1 1 1 1 0 1 
1 0 0 0 0 0 0 0 0 0 0 0 0 0 1 Q 0 0 0 0 0 0 1 0 0 0 0 0 1 0 0 0 0 0 0 0 0 0 0 1 
1 1 1 1 1 1 1 1 1 Q 1 1 1 1 1 1 0 0 1 1 1 1 1 1 1 1 1 1 1 1 1 1 0 0 1 1 1 1 1 1 
1 0 0 0 0 0 0 0 0 0 0 0 0 0 0 0 Q 0 0 0 0 0 0 0 0 0 0 0 1 0 0 0 1 0 0 0 0 0 0 1 
1 0 1 0 1 0 1 0 1 0 1 1 0 1 0 1 0 1 1 1 1 1 1 0 1 0 1 0 0 0 1 0 1 0 1 0 1 1 0 1 
1 0 1 0 1 1 1 1 1 0 1 1 0 1 0 1 0 0 0 0 0 0 1 0 1 0 1 0 1 0 0 0 0 0 0 0 0 0 0 1 
1 0 1 0 0 0 1 0 1 0 1 1 1 1 0 1 0 1 1 1 1 0 0 0 0 0 0 0 1 1 0 1 0 1 0 1 1 1 0 1 
1 0 1 1 1 1 1 1 0 0 0 0 0 1 1 0 1 0 0 0 0 0 0 1 1 1 1 0 1 1 0 1 0 1 0 1 0 1 0 1 
1 0 1 1 1 1 1 1 1 1 1 1 1 1 0 1 0 1 1 1 1 1 1 1 1 1 1 0 1 1 0 1 0 1 1 1 0 1 0 1 
1 0 1 0 0 0 0 0 0 0 0 0 0 0 0 Q 0 0 0 0 0 0 0 0 0 0 1 0 0 0 0 0 Q 0 0 0 0 0 0 1 
1 0 1 1 0 1 1 0 1 0 1 0 1 0 1 0 1 0 1 0 1 0 1 0 1 0 1 0 1 1 1 0 1 0 1 0 1 1 0 1 
1 0 1 0 0 0 1 0 0 0 1 0 0 0 0 1 0 0 0 0 1 0 0 0 0 0 1 0 1 0 1 0 0 0 1 0 1 1 0 1 
1 0 1 0 1 1 1 1 1 1 1 1 1 1 1 1 1 1 1 1 1 1 1 1 1 1 1 0 1 0 1 1 1 0 1 1 1 1 0 1 
1 0 0 0 0 0 0 0 0 0 0 0 0 0 1 Q 0 0 0 0 0 0 1 0 0 0 0 0 1 0 0 0 0 0 0 0 0 0 0 1 
1 1 1 1 1 1 1 1 1 1 1 1 1 1 1 1 1 1 1 1 1 1 1 1 1 1 1 1 1 1 1 1 S 1 1 1 1 1 1 1 

1 1 1 1 1 1 1 1 1 1 1 1 1 1 1 1 1 1 1 1 1 1 1 1 1 1 1 1 1 1 1 1 1 1 1 1 1 1 1 1 
1 2 0 0 0 0 0 0 0 0 0 0 0 0 0 0 Q 0 0 0 0 0 0 0 0 0 0 0 1 0 0 0 1 0 0 0 0 0 0 1 
1 2 1 0 1 0 1 0 1 0 1 1 0 1 0 1 0 1 1 1 1 1 1 0 1 0 1 0 0 0 1 0 1 0 1 0 1 1 0 1 
1 2 1 0 1 1 1 1 1 0 1 1 0 1 0 1 0 0 0 0 0 0 1 0 1 0 1 0 1 0 0 0 0 0 0 0 0 0 0 1 
1 2 1 0 0 0 1 0 1 0 1 1 1 1 0 1 0 1 1 1 1 0 0 0 0 0 0 0 1 1 0 1 0 1 0 1 1 1 0 1 
1 2 1 1 1 1 1 1 0 0 0 0 0 1 1 0 1 0 0 0 0 0 0 1 1 1 1 0 1 1 0 1 0 1 0 1 0 1 0 1 
1 2 1 1 1 1 1 1 1 1 1 1 1 1 0 1 0 1 1 1 1 1 1 1 1 1 1 0 1 1 0 1 0 1 1 1 0 1 0 1 
1 2 1 0 0 0 0 0 0 0 0 0 0 0 0 Q 0 0 0 0 0 0 0 0 0 0 1 0 0 0 0 0 Q 0 0 0 0 0 0 1 
1 2 1 1 0 1 1 0 1 0 1 0 1 0 1 0 1 0 1 0 1 0 1 0 1 0 1 0 1 1 1 0 1 0 1 0 1 1 0 1 
1 2 1 0 0 0 1 0 0 0 1 0 0 0 0 1 0 0 0 0 1 0 0 0 0 0 1 0 1 0 1 0 0 0 1 0 1 1 0 1 
1 2 1 0 1 1 1 1 1 1 1 1 1 1 1 1 1 1 1 1 1 1 1 1 1 1 1 0 1 0 1 1 1 0 1 1 1 1 0 1 
1 2 2 2 2 2 2 2 2 2 0 0 0 0 1 Q 0 0 0 0 0 0 1 0 0 0 0 0 1 0 0 0 0 0 0 0 0 0 0 1 
1 1 1 1 1 1 1 1 1 4 1 1 1 1 1 1 0 0 1 1 1 1 1 1 1 1 1 1 1 1 1 1 0 0 1 1 1 1 1 1 
1 3 3 3 3 3 3 3 3 2 2 2 2 2 2 2 4 0 0 0 0 0 0 0 0 0 0 0 1 0 0 0 1 0 0 0 0 0 0 1 
1 3 1 3 1 3 1 3 1 3 1 1 3 1 3 1 2 1 1 1 1 1 1 0 1 0 1 0 0 0 1 0 1 0 1 0 1 1 0 1 
1 3 1 3 1 1 1 1 1 3 1 1 3 1 3 1 2 2 2 2 2 2 1 0 1 0 1 0 1 0 0 0 0 0 0 0 0 0 0 1 
1 3 1 3 3 3 1 0 1 3 1 1 1 1 3 1 3 1 1 1 1 2 2 2 2 2 2 2 1 1 0 1 0 1 0 1 1 1 0 1 
1 3 1 1 1 1 1 1 3 3 3 3 3 1 1 0 1 3 3 3 3 2 2 1 1 1 1 2 1 1 0 1 0 1 0 1 0 1 0 1 
1 3 1 1 1 1 1 1 1 1 1 1 1 1 3 1 3 1 1 1 1 1 1 1 1 1 1 2 1 1 0 1 0 1 1 1 0 1 0 1 
1 3 1 3 3 3 3 3 3 3 3 3 3 3 3 3 3 3 3 3 3 3 3 3 3 3 1 2 2 2 2 2 Q 0 0 0 0 0 0 1 
1 3 1 1 3 1 1 3 1 3 1 3 1 3 1 3 1 3 1 3 1 3 1 3 1 3 1 3 1 1 1 2 1 0 1 0 1 1 0 1 
1 3 1 3 3 3 1 3 3 3 1 3 3 3 3 1 3 3 3 3 1 3 3 3 3 3 1 3 1 3 1 2 2 2 1 0 1 1 0 1 
1 3 1 3 1 1 1 1 1 1 1 1 1 1 1 1 1 1 1 1 1 1 1 1 1 1 1 3 1 3 1 1 1 2 1 1 1 1 0 1 
1 3 3 3 3 3 3 3 3 3 3 3 3 3 1 Q 0 0 0 0 0 0 1 3 3 3 3 3 1 3 3 3 2 2 0 0 0 0 0 1 
1 1 1 1 1 1 1 1 1 1 1 1 1 1 1 1 1 1 1 1 1 1 1 1 1 1 1 1 1 1 1 1 S 1 1 1 1 1 1 1 
Passos: 182
Caminho: 58
Queijos: 2
